id=22
type=0
numSprites=7
numSlots=0
animParam=5.750000 61.000000 0.541667 3.625000 69.000000 0.666667 (0.000000,0.000000) -7.125000 -0.468750 4.812500 0.312500 0.260417 0.000000 5.000000
animParam=2.687500 32.000000 0.208333 1.062500 38.000000 0.187500 (0.000000,0.000000) 1.125000 0.333333 3.187500 0.510417 0.187500 1.041667 0.625000
animParam=5.312500 78.000000 0.583333 2.750000 37.000000 0.364583 (0.000000,0.000000) -7.875000 -0.781250 2.125000 0.302083 0.604167 6.458333 0.000000
animParam=3.500000 48.000000 0.458333 3.562500 22.000000 0.427083 (0.000000,0.000000) 7.500000 0.645833 2.437500 0.375000 0.395833 9.791667 0.000000
animParam=2.125000 69.000000 0.614583 1.812500 57.000000 0.729167 (0.000000,0.000000) 7.875000 0.000000 3.875000 0.614583 0.448000 9.375000 0.000000
animParam=3.937500 76.000000 0.208333 2.500000 26.000000 0.177083 (0.000000,0.000000) 3.250000 0.104167 1.125000 0.135417 0.520833 1.875000 0.833333
animParam=6.000000 20.000000 0.812500 0.875000 0.000000 0.562500 (0.000000,0.000000) -4.750000 -0.718750 1.312500 0.322917 0.687500 1.458333 1.666667