id=22
type=1
numSprites=7
numSlots=0
animParam=2.375000 41.000000 0.593750 1.875000 25.000000 0.979167 (0.000000,0.000000) 11.500000 0.812500 0.687500 0.479167 0.333333 10.000000 7.500000
animParam=2.812500 55.000000 0.458333 2.562500 48.000000 0.447917 (0.000000,0.000000) 7.250000 0.552083 3.562500 0.239583 0.177083 8.333333 11.041667
animParam=0.000000 76.000000 0.479167 2.437500 49.000000 0.000000 (0.000000,0.000000) 0.000000 0.416667 0.000000 0.000000 0.000000 1.000000 0.000000
animParam=0.000000 0.000000 0.000000 0.000000 0.000000 0.000000 (0.000000,0.000000) 0.000000 0.000000 0.000000 0.000000 0.000000 1.000000 0.000000
animParam=0.000000 0.000000 0.000000 0.000000 0.000000 0.000000 (0.000000,0.000000) 0.000000 0.000000 0.000000 0.000000 0.000000 1.000000 0.000000
animParam=0.000000 0.000000 0.000000 0.000000 0.000000 0.000000 (0.000000,0.000000) 0.000000 0.000000 0.000000 0.000000 0.000000 1.000000 0.000000
animParam=0.000000 0.000000 0.000000 0.000000 0.000000 0.000000 (0.000000,0.000000) 0.000000 0.000000 0.000000 0.000000 0.000000 1.000000 0.000000